1.0842021724855044340074528e-19
8.6736173798840354720596224e-19
6.9388939039072283776476979e-18
1.1102230246251565404236317e-16
8.8817841970012523233890533e-16
7.1054273576010018587112427e-15
1.1368683772161602973937988e-13
9.0949470177292823791503906e-13
7.2759576141834259033203125e-12
1.1641532182693481445312500e-10
9.3132257461547851562500000e-10
7.4505805969238281250000000e-09
5.9604644775390625000000000e-08
9.5367431640625000000000000e-07
7.6293945312500000000000000e-06
6.1035156250000000000000000e-05
9.7656250000000000000000000e-04
7.8125000000000000000000000e-03
6.2500000000000000000000000e-02
1.0000000000000000000000000e+00
8.0000000000000000000000000e+00
6.4000000000000000000000000e+01
1.0240000000000000000000000e+03
8.1920000000000000000000000e+03
6.5536000000000000000000000e+04
